4 5
26 1
21 28 13 46 -6 -13 11 -9 37 -2 6 28 -10 -17 16 47 38 33 6 8 18 28 -10 47 19 37 
26 1
21 29 8 43 -13 -15 10 -15 36 -9 1 34 -11 -15 18 44 37 34 -1 7 23 30 -15 43 17 39 
26 1
18 26 2 33 -17 -14 8 -18 29 -15 -3 35 -11 -10 17 34 30 30 -8 4 25 28 -18 33 12 35 
26 1
12 19 -4 18 -19 -11 4 -19 18 -18 -7 31 -9 -4 14 19 19 22 -14 1 23 21 -18 17 5 26 
26 1
5 9 -10 1 -18 -6 0 -16 4 -19 -10 22 -6 3 8 1 4 10 -18 -3 17 11 -16 -1 -2 13 
0 1

0 1

0 1

0 1

0 1

9 1
4 23 -15 14 34 -6 25 29 40 
9 1
-4 16 -23 6 26 -13 18 19 34 
9 1
-11 6 -27 -3 15 -19 7 7 23 
9 1
-17 -5 -27 -12 1 -22 -5 -7 9 
9 1
-20 -15 -23 -18 -13 -21 -16 -19 -7 
15 1
-35 -45 -25 -7 -15 3 8 -8 -45 -44 -33 -15 -1 -34 -6 
15 1
-32 -41 -22 -2 -12 9 17 8 -41 -41 -30 -11 12 -31 -1 
15 1
-24 -31 -15 3 -7 14 23 23 -32 -32 -23 -6 23 -24 4 
15 1
-13 -16 -6 8 -1 17 25 34 -18 -18 -12 0 31 -13 9 
15 1
1 1 4 11 5 17 24 40 -1 -1 0 6 34 0 12 
