4 5
26 1
4 6 3 10 10 14 3 12 10 8 5 5 12 14 3 8 12 8 5 1 4 4 14 12 3 6 
26 1
6 8 5 12 12 0 5 14 12 10 7 7 14 0 5 10 14 10 7 3 6 6 0 14 5 8 
26 1
8 10 7 14 14 2 7 0 14 12 9 9 0 2 7 12 0 12 9 5 8 8 2 0 7 10 
26 1
10 12 9 0 0 4 9 2 0 14 11 11 2 4 9 14 2 14 11 7 10 10 4 2 9 12 
26 1
12 14 11 2 2 6 11 4 2 0 13 13 4 6 11 0 4 0 13 9 12 12 6 4 11 14 
0 1

0 1

0 1

0 1

0 1

9 1
6 6 6 7 6 6 4 8 3 
9 1
8 8 8 9 8 8 6 10 5 
9 1
10 10 10 11 10 10 8 12 7 
9 1
12 12 12 13 12 12 10 14 9 
9 1
14 14 14 15 14 14 12 0 11 
15 1
7 7 7 6 6 5 5 5 10 5 5 8 7 9 4 
15 1
9 9 9 8 8 7 7 7 12 7 7 10 9 11 6 
15 1
11 11 11 10 10 9 9 9 14 9 9 12 11 13 8 
15 1
13 13 13 12 12 11 11 11 0 11 11 14 13 15 10 
15 1
15 15 15 14 14 13 13 13 2 13 13 0 15 1 12 
