4 5
26 1
-5 -9 10 -1 18 6 0 16 -4 19 10 -22 6 -3 -8 -1 -4 -10 18 3 -17 -11 16 1 2 -13 
26 1
3 2 14 17 14 1 4 12 10 17 11 -10 1 -9 -2 17 11 3 19 6 -9 0 11 19 9 2 
26 1
11 13 16 32 8 -5 8 5 23 12 11 4 -3 -14 5 33 24 16 17 8 1 12 4 34 15 17 
26 1
17 22 16 42 1 -10 10 -2 32 5 9 17 -7 -17 11 43 34 26 13 9 10 22 -3 44 18 29 
26 1
21 28 13 46 -6 -13 11 -9 37 -2 6 28 -10 -17 16 47 38 33 6 8 18 28 -10 47 19 37 
0 1

0 1

0 1

0 1

0 1

9 1
20 15 23 18 13 21 16 19 7 
9 1
20 23 16 22 25 17 24 29 22 
9 1
17 27 6 23 33 11 29 34 33 
9 1
11 27 -5 20 36 3 29 34 39 
9 1
4 23 -15 14 34 -6 25 29 40 
15 1
-1 -1 -4 -11 -5 -17 -24 -40 1 1 0 -6 -34 0 -12 
15 1
-14 -18 -13 -13 -10 -15 -19 -40 -16 -15 -12 -12 -32 -13 -14 
15 1
-25 -32 -20 -13 -14 -10 -11 -34 -31 -30 -23 -15 -25 -24 -13 
15 1
-32 -41 -24 -11 -16 -4 -1 -23 -41 -40 -30 -16 -14 -31 -10 
15 1
-35 -45 -25 -7 -15 3 8 -8 -45 -44 -33 -15 -1 -34 -6 
