4 5
46 1
7 4 7 7 6 6 6 3 10 10 5 14 6 3 6 6 12 10 7 8 6 5 5 12 6 14 3 8 12 8 10 5 1 4 4 4 5 14 8 5 12 3 8 9 4 6 
46 1
9 6 9 9 8 8 8 5 12 12 7 0 8 5 8 8 14 12 9 10 8 7 7 14 8 0 5 10 14 10 12 7 3 6 6 6 7 0 10 7 14 5 10 11 6 8 
46 1
11 8 11 11 10 10 10 7 14 14 9 2 10 7 10 10 0 14 11 12 10 9 9 0 10 2 7 12 0 12 14 9 5 8 8 8 9 2 12 9 0 7 12 13 8 10 
46 1
13 10 13 13 12 12 12 9 0 0 11 4 12 9 12 12 2 0 13 14 12 11 11 2 12 4 9 14 2 14 0 11 7 10 10 10 11 4 14 11 2 9 14 15 10 12 
46 1
15 12 15 15 14 14 14 11 2 2 13 6 14 11 14 14 4 2 15 0 14 13 13 4 14 6 11 0 4 0 2 13 9 12 12 12 13 6 0 13 4 11 0 1 12 14 
46 1
7 4 7 7 6 6 6 3 10 10 5 14 6 3 6 6 12 10 7 8 6 5 5 12 6 14 3 8 12 8 10 5 1 4 4 4 5 14 8 5 12 3 8 9 4 6 
46 1
9 6 9 9 8 8 8 5 12 12 7 0 8 5 8 8 14 12 9 10 8 7 7 14 8 0 5 10 14 10 12 7 3 6 6 6 7 0 10 7 14 5 10 11 6 8 
46 1
11 8 11 11 10 10 10 7 14 14 9 2 10 7 10 10 0 14 11 12 10 9 9 0 10 2 7 12 0 12 14 9 5 8 8 8 9 2 12 9 0 7 12 13 8 10 
46 1
13 10 13 13 12 12 12 9 0 0 11 4 12 9 12 12 2 0 13 14 12 11 11 2 12 4 9 14 2 14 0 11 7 10 10 10 11 4 14 11 2 9 14 15 10 12 
46 1
15 12 15 15 14 14 14 11 2 2 13 6 14 11 14 14 4 2 15 0 14 13 13 4 14 6 11 0 4 0 2 13 9 12 12 12 13 6 0 13 4 11 0 1 12 14 
50 1
7 4 7 7 6 6 6 3 10 10 5 14 6 3 6 6 12 10 7 8 6 5 5 12 6 14 5 3 5 8 12 8 10 5 1 4 4 4 5 14 8 5 12 3 8 7 9 4 6 3 
50 1
9 6 9 9 8 8 8 5 12 12 7 0 8 5 8 8 14 12 9 10 8 7 7 14 8 0 7 5 7 10 14 10 12 7 3 6 6 6 7 0 10 7 14 5 10 9 11 6 8 5 
50 1
11 8 11 11 10 10 10 7 14 14 9 2 10 7 10 10 0 14 11 12 10 9 9 0 10 2 9 7 9 12 0 12 14 9 5 8 8 8 9 2 12 9 0 7 12 11 13 8 10 7 
50 1
13 10 13 13 12 12 12 9 0 0 11 4 12 9 12 12 2 0 13 14 12 11 11 2 12 4 11 9 11 14 2 14 0 11 7 10 10 10 11 4 14 11 2 9 14 13 15 10 12 9 
50 1
15 12 15 15 14 14 14 11 2 2 13 6 14 11 14 14 4 2 15 0 14 13 13 4 14 6 13 11 13 0 4 0 2 13 9 12 12 12 13 6 0 13 4 11 0 15 1 12 14 11 
50 1
7 4 7 7 6 6 6 3 10 10 5 14 6 3 6 6 12 10 7 8 6 5 5 12 6 14 5 3 5 8 12 8 10 5 1 4 4 4 5 14 8 5 12 3 8 7 9 4 6 3 
50 1
9 6 9 9 8 8 8 5 12 12 7 0 8 5 8 8 14 12 9 10 8 7 7 14 8 0 7 5 7 10 14 10 12 7 3 6 6 6 7 0 10 7 14 5 10 9 11 6 8 5 
50 1
11 8 11 11 10 10 10 7 14 14 9 2 10 7 10 10 0 14 11 12 10 9 9 0 10 2 9 7 9 12 0 12 14 9 5 8 8 8 9 2 12 9 0 7 12 11 13 8 10 7 
50 1
13 10 13 13 12 12 12 9 0 0 11 4 12 9 12 12 2 0 13 14 12 11 11 2 12 4 11 9 11 14 2 14 0 11 7 10 10 10 11 4 14 11 2 9 14 13 15 10 12 9 
50 1
15 12 15 15 14 14 14 11 2 2 13 6 14 11 14 14 4 2 15 0 14 13 13 4 14 6 13 11 13 0 4 0 2 13 9 12 12 12 13 6 0 13 4 11 0 15 1 12 14 11 
