4 5
46 1
-1 -5 -1 -4 -11 -9 -5 10 -1 18 -17 6 -31 0 -36 -28 16 -4 -33 19 -38 10 -22 6 -30 -3 -8 -1 -4 -10 1 18 3 -17 -35 -11 1 16 -32 0 1 2 -6 0 -12 -13 
46 1
25 3 21 26 26 2 29 14 17 14 24 1 -8 4 -5 -12 12 10 -5 17 -3 11 -10 1 -10 -9 -2 17 11 3 23 19 6 -9 -3 0 23 11 1 27 19 9 27 26 25 2 
46 1
47 11 40 52 59 13 58 16 32 8 62 -5 17 8 27 6 5 23 23 12 33 11 4 -3 11 -14 5 33 24 16 41 17 8 1 29 12 42 4 34 49 34 15 57 48 59 17 
46 1
62 17 53 70 83 22 78 16 42 1 90 -10 39 10 55 23 -2 32 48 5 64 9 17 -7 30 -17 11 43 34 26 53 13 9 10 57 22 54 -3 62 64 44 18 78 63 84 29 
46 1
67 21 57 77 95 28 87 13 46 -6 105 -13 55 11 74 36 -9 37 65 -2 85 6 28 -10 45 -17 16 47 38 33 57 6 8 18 76 28 58 -10 80 69 47 19 87 68 95 37 
46 1
-52 -56 -52 -54 -62 -60 -56 -41 -52 -33 -68 -45 -82 -51 -87 -78 -35 -55 -83 -32 -89 -41 -73 -45 -81 -54 -59 -52 -55 -61 -50 -33 -48 -68 -86 -62 -49 -35 -83 -51 -50 -49 -57 -51 -63 -64 
46 1
-41 -63 -45 -40 -41 -64 -38 -53 -50 -53 -42 -66 -74 -62 -71 -78 -55 -56 -72 -50 -69 -55 -76 -65 -77 -76 -68 -49 -56 -63 -44 -48 -61 -75 -70 -66 -43 -56 -65 -40 -48 -57 -39 -41 -41 -64 
46 1
-25 -61 -32 -20 -13 -59 -14 -56 -40 -64 -10 -77 -55 -64 -45 -66 -67 -49 -49 -60 -39 -61 -68 -75 -61 -86 -67 -39 -48 -56 -31 -55 -64 -71 -43 -60 -30 -68 -38 -23 -38 -57 -15 -24 -13 -55 
46 1
-5 -49 -14 3 17 -45 12 -51 -24 -66 24 -76 -27 -56 -12 -44 -69 -34 -19 -61 -3 -58 -49 -74 -36 -83 -55 -23 -33 -40 -13 -54 -58 -56 -9 -45 -12 -70 -5 -2 -22 -48 11 -4 17 -37 
46 1
16 -30 6 26 44 -23 36 -38 -5 -57 54 -64 4 -40 23 -15 -60 -14 14 -53 34 -45 -23 -61 -6 -68 -35 -4 -13 -18 6 -45 -42 -33 25 -23 7 -61 29 18 -4 -32 36 17 45 -14 
50 1
50 46 50 47 40 42 46 61 50 69 34 57 20 51 15 23 67 47 18 70 13 61 29 57 21 48 27 42 11 50 47 41 52 69 54 34 16 40 52 66 19 51 52 53 45 17 51 39 38 7 
50 1
53 31 49 54 53 30 56 42 44 41 52 28 20 32 23 16 39 38 22 44 25 39 18 29 17 18 48 26 26 45 38 31 50 46 33 19 24 28 51 38 29 54 46 37 55 35 54 53 30 22 
50 1
47 11 40 52 59 13 58 16 32 8 62 -5 17 8 27 6 5 23 23 12 33 11 4 -3 11 -14 61 5 38 33 24 16 41 17 8 1 29 12 42 4 34 49 34 15 57 47 48 59 17 33 
50 1
34 -11 25 42 56 -6 51 -12 15 -27 63 -38 11 -17 27 -5 -30 5 20 -22 36 -19 -10 -35 3 -44 65 -16 44 16 6 -1 26 -15 -19 -17 29 -6 27 -31 34 36 16 -9 50 52 35 56 2 39 
50 1
16 -30 6 26 44 -23 36 -38 -5 -57 54 -64 4 -40 23 -15 -60 -14 14 -53 34 -45 -23 -61 -6 -68 59 -35 43 -4 -13 -18 6 -45 -42 -33 25 -23 7 -61 29 18 -4 -32 36 49 17 45 -14 40 
50 1
-1 -5 -1 -4 -11 -9 -5 10 -1 18 -17 6 -31 0 -36 -28 16 -4 -33 19 -38 10 -22 6 -30 -3 -24 -8 -40 -1 -4 -10 1 18 3 -17 -35 -11 1 16 -32 0 1 2 -6 -34 0 -12 -13 -44 
50 1
-14 -36 -18 -13 -13 -37 -10 -25 -22 -25 -15 -38 -47 -35 -44 -51 -27 -29 -44 -22 -42 -28 -49 -38 -49 -48 -19 -41 -40 -21 -28 -36 -16 -20 -33 -48 -42 -39 -15 -28 -38 -12 -20 -30 -12 -32 -13 -14 -37 -45 
50 1
-25 -61 -32 -20 -13 -59 -14 -56 -40 -64 -10 -77 -55 -64 -45 -66 -67 -49 -49 -60 -39 -61 -68 -75 -61 -86 -11 -67 -34 -39 -48 -56 -31 -55 -64 -71 -43 -60 -30 -68 -38 -23 -38 -57 -15 -25 -24 -13 -55 -39 
50 1
-32 -77 -41 -24 -11 -72 -16 -79 -52 -93 -4 -104 -55 -84 -39 -71 -96 -62 -46 -89 -30 -85 -77 -101 -64 -111 -1 -83 -23 -51 -60 -68 -41 -81 -85 -84 -37 -72 -40 -97 -32 -30 -50 -76 -16 -14 -31 -10 -65 -27 
50 1
-35 -81 -45 -25 -7 -74 -15 -89 -56 -108 3 -115 -47 -91 -28 -66 -111 -65 -37 -104 -17 -96 -74 -112 -57 -119 8 -86 -8 -54 -64 -69 -45 -95 -93 -83 -25 -74 -44 -112 -22 -33 -54 -83 -15 -1 -34 -6 -65 -11 
