4 5
46 1
67 21 57 77 95 28 87 13 46 -6 105 -13 55 11 74 36 -9 37 65 -2 85 6 28 -10 45 -17 16 47 38 33 57 6 8 18 76 28 58 -10 80 69 47 19 87 68 95 37 
46 1
62 21 53 73 92 29 82 8 43 -13 103 -15 63 10 82 44 -15 36 73 -9 93 1 34 -11 53 -15 18 44 37 34 53 -1 7 23 84 30 53 -15 86 64 43 17 83 63 93 39 
46 1
48 18 41 57 75 26 65 2 33 -17 86 -14 61 8 78 45 -18 29 69 -15 87 -3 35 -11 53 -10 17 34 30 30 40 -8 4 25 79 28 40 -18 79 49 33 12 66 48 76 35 
46 1
26 12 23 33 47 19 38 -4 18 -19 56 -11 50 4 62 39 -19 18 55 -18 68 -7 31 -9 45 -4 14 19 19 22 21 -14 1 23 62 21 21 -18 60 27 17 5 39 26 48 26 
46 1
1 5 1 4 11 9 5 -10 1 -18 17 -6 31 0 36 28 -16 4 33 -19 38 -10 22 -6 30 3 8 1 4 10 -1 -18 -3 17 35 11 -1 -16 32 0 -1 -2 6 0 12 13 
46 1
16 -30 6 26 44 -23 36 -38 -5 -57 54 -64 4 -40 23 -15 -60 -14 14 -53 34 -45 -23 -61 -6 -68 -35 -4 -13 -18 6 -45 -42 -33 25 -23 7 -61 29 18 -4 -32 36 17 45 -14 
46 1
35 -7 26 45 64 1 55 -20 15 -40 76 -42 35 -17 55 16 -42 8 45 -37 65 -26 6 -39 26 -42 -10 16 9 6 25 -28 -21 -4 57 3 25 -43 58 36 16 -11 55 35 65 11 
46 1
48 18 41 57 75 26 65 2 33 -17 86 -14 61 8 78 45 -18 29 69 -15 87 -3 35 -11 53 -10 17 34 30 30 40 -8 4 25 79 28 40 -18 79 49 33 12 66 48 76 35 
46 1
54 40 50 60 74 47 65 23 46 9 83 17 77 32 89 67 9 46 82 9 95 21 58 19 72 24 41 46 46 49 49 14 28 50 89 49 48 9 88 54 45 33 67 54 75 53 
46 1
52 56 52 54 62 60 56 41 52 33 68 45 82 51 87 78 35 55 83 32 89 41 73 45 81 54 59 52 55 61 50 33 48 68 86 62 49 35 83 51 50 49 57 51 63 64 
50 1
16 -30 6 26 44 -23 36 -38 -5 -57 54 -64 4 -40 23 -15 -60 -14 14 -53 34 -45 -23 -61 -6 -68 59 -35 43 -4 -13 -18 6 -45 -42 -33 25 -23 7 -61 29 18 -4 -32 36 49 17 45 -14 40 
50 1
-4 -46 -13 6 25 -38 16 -59 -24 -79 37 -81 -4 -56 16 -23 -81 -31 6 -76 26 -65 -33 -78 -13 -81 45 -49 36 -22 -30 -33 -14 -67 -60 -43 18 -36 -13 -82 19 -2 -23 -50 16 39 -4 26 -28 34 
50 1
-24 -54 -31 -15 3 -46 -7 -70 -39 -89 14 -86 -11 -64 6 -27 -90 -43 -3 -87 15 -75 -37 -83 -19 -82 23 -55 23 -38 -42 -42 -32 -80 -68 -47 7 -44 -32 -90 7 -23 -39 -60 -6 23 -24 4 -37 23 
50 1
-40 -54 -44 -34 -20 -47 -29 -71 -48 -85 -11 -78 -17 -62 -5 -27 -85 -49 -12 -85 1 -74 -36 -76 -22 -70 -2 -53 7 -48 -48 -45 -45 -80 -66 -44 -5 -45 -46 -85 -7 -40 -49 -61 -27 3 -41 -19 -41 9 
50 1
-50 -46 -50 -47 -40 -42 -46 -61 -50 -69 -34 -57 -20 -51 -15 -23 -67 -47 -18 -70 -13 -61 -29 -57 -21 -48 -27 -42 -11 -50 -47 -41 -52 -69 -54 -34 -16 -40 -52 -66 -19 -51 -52 -53 -45 -17 -51 -39 -38 -7 
50 1
-35 -81 -45 -25 -7 -74 -15 -89 -56 -108 3 -115 -47 -91 -28 -66 -111 -65 -37 -104 -17 -96 -74 -112 -57 -119 8 -86 -8 -54 -64 -69 -45 -95 -93 -83 -25 -74 -44 -112 -22 -33 -54 -83 -15 -1 -34 -6 -65 -11 
50 1
-32 -73 -41 -22 -2 -65 -12 -86 -51 -107 9 -109 -31 -84 -12 -50 -109 -58 -22 -103 -1 -93 -60 -105 -41 -109 17 -76 8 -50 -57 -60 -41 -95 -87 -71 -10 -64 -41 -109 -8 -30 -51 -77 -11 12 -31 -1 -55 6 
50 1
-24 -54 -31 -15 3 -46 -7 -70 -39 -89 14 -86 -11 -64 6 -27 -90 -43 -3 -87 15 -75 -37 -83 -19 -82 23 -55 23 -38 -42 -42 -32 -80 -68 -47 7 -44 -32 -90 7 -23 -39 -60 -6 23 -24 4 -37 23 
50 1
-13 -27 -16 -6 8 -20 -1 -43 -21 -58 17 -50 11 -35 23 0 -58 -21 16 -57 29 -46 -8 -48 6 -43 25 -25 34 -20 -20 -17 -18 -53 -38 -16 23 -18 -18 -57 21 -12 -21 -34 0 31 -13 9 -13 36 
50 1
1 5 1 4 11 9 5 -10 1 -18 17 -6 31 0 36 28 -16 4 33 -19 38 -10 22 -6 30 3 24 8 40 1 4 10 -1 -18 -3 17 35 11 -1 -16 32 0 -1 -2 6 34 0 12 13 44 
